char_a
		fcb 128,183,255,243,159,159,207,207,179,191,255,243,159,159,207,207,191,191,255,243,159,159,207,207,191,191,255,128,128,159,207,128,191,191,255,245,149,149,197,197,191,191,255,255,159,159,207,207,179,191,255,255,159,159,207,207,128,186,255,255,159,159,207,207,128,128,128,128,128,128,128,128
char_apostrophe
		fcb 128,128,128,128,128,128,128,128,128,128,128,128,128,128,128,128,128,128,128,128,128,128,128,128,181,180,128,128,128,128,128,128,186,128,128,128,128,128,128,128,128,128,128,128,128,128,128,128,128,128,128,128,128,128,128,128,128,128,128,128,128,128,128,128,128,128,128,128,128,128,128,128
char_b
		fcb 191,191,255,243,159,159,207,207,191,191,255,243,159,159,207,207,191,191,255,243,159,159,207,207,191,191,255,128,128,128,207,207,191,191,255,245,149,149,207,207,191,191,255,255,159,159,207,207,179,191,255,255,159,159,207,204,128,186,255,248,146,159,202,128,128,128,128,128,128,128,128,128
char_c
		fcb 191,191,255,243,159,159,207,207,191,191,255,243,159,159,207,207,191,191,255,243,159,159,207,207,191,191,255,128,128,159,207,207,191,191,255,128,128,159,207,207,191,191,255,128,128,159,207,207,179,191,255,128,128,159,207,204,128,186,255,128,128,159,202,128,128,128,128,128,128,128,128,128
char_comma
		fcb 128,128,128,128,128,128,128,128,128,128,128,128,128,128,128,128,128,128,128,128,128,128,128,128,128,128,128,128,128,128,193,199,128,128,128,128,128,128,194,200,128,128,128,128,128,128,128,128,128,128,128,128,128,128,128,128,128,128,128,128,128,128,128,128,128,128,128,128,128,128,128,128
char_d
		fcb 191,191,243,255,159,159,207,207,191,191,243,255,159,159,207,207,191,191,243,255,159,159,207,207,191,191,128,128,128,128,207,207,191,191,245,245,149,149,207,207,191,191,255,255,159,159,207,207,179,191,255,255,159,159,207,204,128,186,255,255,159,159,202,128,128,128,128,128,128,128,128,128
char_dash
		fcb 128,128,241,245,148,128,128,128,128,128,243,255,156,128,128,128,128,128,243,255,156,128,128,128,128,128,243,255,156,128,128,128,128,128,243,255,156,128,128,128,128,128,243,255,156,128,128,128,128,128,243,255,156,128,128,128,128,128,242,250,152,128,128,128,128,128,128,128,128,128,128,128
char_e
		fcb 191,191,255,255,159,159,207,207,191,191,255,255,159,159,207,207,191,191,255,255,159,159,207,207,191,191,255,241,148,159,207,207,191,191,255,243,156,159,207,207,191,191,255,243,156,159,207,207,179,191,255,243,156,159,207,204,128,186,255,243,156,159,202,128,128,128,128,128,128,128,128,128
char_eight
		fcb 128,181,252,255,159,159,207,196,179,191,252,255,159,159,207,207,191,191,252,250,159,154,207,207,191,191,252,128,159,128,207,207,191,191,252,128,159,128,207,207,191,191,252,245,159,149,207,207,179,191,252,255,159,159,207,207,128,186,252,255,159,159,207,200,128,128,128,128,128,128,128,128
char_exclamation
		fcb 128,128,128,128,128,128,128,128,128,128,128,128,128,128,128,128,191,191,255,255,159,156,207,207,191,191,255,255,159,156,207,207,191,191,255,255,159,156,207,207,191,191,255,255,159,156,207,206,128,128,128,128,128,128,128,128,128,128,128,128,128,128,128,128,128,128,128,128,128,128,128,128
char_f
		fcb 191,191,255,255,159,159,207,207,191,191,255,255,159,159,207,207,191,191,255,255,159,159,207,207,191,191,255,241,148,128,128,128,191,191,255,243,156,128,128,128,191,191,255,243,156,128,128,128,179,191,255,243,156,128,128,128,128,186,255,243,156,128,128,128,128,128,128,128,128,128,128,128
char_five
		fcb 191,191,252,255,159,128,207,196,191,191,252,255,159,128,207,205,191,191,252,250,159,128,207,207,191,191,252,128,159,128,207,207,191,191,252,128,159,128,207,207,191,191,252,128,159,149,207,207,179,191,252,128,159,159,207,207,128,186,252,128,159,159,207,206,128,128,128,128,128,128,128,128
char_four
		fcb 191,191,253,244,128,128,128,128,191,191,255,255,128,128,128,128,191,191,255,255,156,128,128,128,128,128,255,255,156,128,128,128,128,128,250,250,152,128,128,128,191,191,255,255,159,159,207,207,191,191,255,255,159,159,207,204,191,191,255,255,159,159,202,128,128,128,128,128,128,128,128,128
char_fullstop
		fcb 128,128,128,128,128,128,128,128,128,128,128,128,128,128,128,128,128,128,128,128,128,128,128,128,128,128,128,128,128,128,128,197,128,128,128,128,128,128,128,202,128,128,128,128,128,128,128,128,128,128,128,128,128,128,128,128,128,128,128,128,128,128,128,128,128,128,128,128,128,128,128,128
char_g
		fcb 191,191,255,255,159,159,207,207,191,191,255,255,159,159,207,207,191,191,255,255,159,159,207,207,191,191,255,128,128,128,207,207,191,191,255,243,159,159,207,207,191,191,255,243,159,159,207,207,179,191,255,243,159,159,207,204,128,186,255,243,159,159,202,128,128,128,128,128,128,128,128,128
char_h
		fcb 191,191,255,255,159,159,207,207,191,191,255,255,159,159,207,207,187,191,255,255,159,159,207,206,128,128,243,255,128,128,128,128,128,128,243,255,128,128,128,128,183,191,255,255,159,159,207,205,191,191,255,255,159,159,207,207,191,191,255,255,159,159,207,207,128,128,128,128,128,128,128,128
char_i
		fcb 128,128,128,128,128,128,128,128,128,128,128,128,128,128,128,128,191,191,243,255,159,159,207,207,191,191,243,255,159,159,207,207,191,191,243,255,159,159,207,207,191,191,243,255,159,159,207,206,128,128,128,128,128,128,128,128,128,128,128,128,128,128,128,128,128,128,128,128,128,128,128,128
char_j
		fcb 128,128,128,128,128,147,197,128,128,128,128,128,128,147,207,204,128,128,128,128,128,147,207,207,128,128,128,128,128,147,207,207,181,181,241,245,149,151,207,207,191,191,243,255,159,159,207,207,191,191,243,255,159,159,207,204,187,191,243,255,159,159,202,128,128,128,128,128,128,128,128,128
char_k
		fcb 191,191,255,255,159,159,207,207,191,191,255,255,159,159,207,207,191,191,255,255,159,159,207,207,178,186,250,250,154,154,202,200,181,181,245,244,145,149,197,197,191,191,255,252,147,159,207,207,191,191,255,128,128,159,207,207,191,190,248,128,128,146,203,207,128,128,128,128,128,128,128,128
char_l
		fcb 191,191,255,255,159,159,197,128,191,191,255,255,159,159,207,204,191,191,255,255,159,159,207,207,128,128,128,128,128,147,207,207,128,128,128,128,128,147,207,207,128,128,128,128,128,147,207,207,128,128,128,128,128,147,207,204,128,128,128,128,128,147,202,128,128,128,128,128,128,128,128,128
char_m
		fcb 191,191,252,255,159,159,207,207,191,191,252,255,159,159,207,207,191,191,252,255,159,159,207,207,191,191,252,245,149,149,197,197,191,191,252,250,154,154,202,202,191,191,255,255,159,159,207,207,179,191,255,255,159,159,207,207,128,186,255,255,159,159,207,207,128,128,128,128,128,128,128,128
char_n
		fcb 191,191,252,255,159,159,207,207,191,191,252,255,159,159,207,207,191,191,252,255,159,159,207,207,191,191,252,128,128,128,128,128,191,191,252,128,128,128,128,128,191,191,255,255,159,159,207,207,179,191,255,255,159,159,207,207,128,186,255,255,159,159,207,207,128,128,128,128,128,128,128,128
char_nine
		fcb 128,181,252,255,159,147,207,196,179,191,252,255,159,147,207,207,191,191,252,250,159,146,207,207,191,191,252,128,159,128,207,207,191,191,252,128,159,128,207,207,191,191,252,245,159,149,207,207,179,191,252,255,159,159,207,207,128,186,252,255,159,159,207,200,128,128,128,128,128,128,128,128
char_o
		fcb 128,181,252,255,159,159,197,128,179,191,252,255,159,159,207,204,191,191,252,255,159,159,207,207,191,191,252,128,128,128,207,207,191,191,252,128,128,128,207,207,191,191,255,255,159,159,207,207,179,191,255,255,159,159,207,204,128,186,255,255,159,159,202,128,128,128,128,128,128,128,128,128
char_one
		fcb 128,181,128,128,128,128,128,128,179,191,128,128,128,128,128,128,191,191,241,245,149,149,197,197,191,191,243,255,159,159,207,207,191,191,243,255,159,159,207,207,186,186,242,250,154,154,202,202,128,128,128,128,128,128,128,128,128,128,128,128,128,128,128,128,128,128,128,128,128,128,128,128
char_p
		fcb 191,191,252,255,159,159,207,207,191,191,252,255,159,159,207,207,191,191,252,255,159,159,207,207,191,191,252,128,128,128,128,128,191,191,252,255,159,128,128,128,191,191,255,255,159,128,128,128,179,191,255,255,159,128,128,128,128,186,255,255,159,128,128,128,128,128,128,128,128,128,128,128
char_q
		fcb 128,181,252,255,159,159,197,128,179,191,252,255,159,159,207,204,191,191,252,255,159,159,207,207,191,191,252,128,128,128,207,207,191,191,252,128,128,128,202,202,191,191,255,255,159,159,207,205,179,191,255,255,159,159,207,207,128,186,255,255,159,159,207,207,128,128,128,128,128,128,128,128
char_question
		fcb 128,181,128,128,128,128,128,128,179,191,128,128,128,128,128,128,191,191,241,245,149,149,193,197,191,191,243,255,159,159,195,207,191,191,243,255,159,159,195,207,191,191,243,255,154,154,194,200,179,191,255,255,128,128,128,128,128,186,255,254,128,128,128,128,128,128,128,128,128,128,128,128
char_r
		fcb 191,191,252,255,159,159,207,207,191,191,252,255,159,159,207,207,191,191,252,255,159,159,207,207,191,191,252,128,128,128,128,128,191,191,252,255,159,128,128,128,191,191,255,255,159,159,207,207,179,191,255,255,159,159,207,207,128,186,255,255,159,155,207,207,128,128,128,128,128,128,128,128
char_s
		fcb 191,191,252,252,128,147,197,128,191,191,252,255,128,147,207,204,191,191,252,255,156,147,207,207,191,191,252,255,159,147,207,207,191,191,252,255,159,147,207,207,191,191,252,243,159,147,207,207,179,191,252,128,159,147,207,207,128,186,252,128,147,147,207,207,128,128,128,128,128,128,128,128
char_seven
		fcb 191,191,252,128,128,128,128,128,191,191,252,128,128,128,128,128,191,191,252,128,128,149,197,197,191,191,252,128,151,159,207,207,191,191,252,247,159,159,207,207,191,191,255,255,159,154,202,202,179,191,255,255,152,128,128,128,128,186,255,248,128,128,128,128,128,128,128,128,128,128,128,128
char_six
		fcb 191,191,252,255,159,159,207,196,191,191,252,255,159,159,207,207,191,191,252,250,159,154,207,207,191,191,252,128,159,128,207,207,191,191,252,128,159,128,207,207,191,191,252,128,159,149,207,207,179,191,252,128,159,159,207,207,128,186,252,128,159,159,207,200,128,128,128,128,128,128,128,128
char_space
		fcb 128,128,128,128,128,128,128,128,128,128,128,128,128,128,128,128,128,128,128,128,128,128,128,128,128,128,128,128,128,128,128,128,128,128,128,128,128,128,128,128,128,128,128,128,128,128,128,128,128,128,128,128,128,128,128,128,128,128,128,128,128,128,128,128,128,128,128,128,128,128,128,128
char_t
		fcb 191,191,252,128,128,128,128,128,191,191,252,128,128,128,128,128,191,191,252,128,128,128,128,128,191,191,252,128,128,128,128,128,191,191,252,128,128,128,128,128,191,191,255,255,159,159,207,207,179,191,255,255,159,159,207,207,128,186,255,255,159,159,207,207,128,128,128,128,128,128,128,128
char_three
		fcb 191,191,252,128,128,159,207,207,191,191,252,128,128,159,207,207,191,191,252,245,148,159,207,207,191,191,252,255,156,159,207,207,191,191,252,255,156,159,207,207,191,191,252,255,156,159,207,207,187,191,252,255,156,159,207,206,128,187,252,255,156,159,206,128,128,128,128,128,128,128,128,128
char_two
		fcb 128,183,128,241,156,159,207,205,179,191,241,255,156,159,207,207,191,191,243,255,156,128,207,207,191,191,243,255,156,128,207,207,191,191,243,255,156,128,207,207,191,191,243,255,156,128,207,207,191,191,243,255,152,128,207,207,191,191,243,248,128,128,207,207,128,128,128,128,128,128,128,128
char_u
		fcb 191,191,255,255,159,159,197,128,191,191,255,255,159,159,207,204,191,191,255,255,159,159,207,207,128,128,128,128,128,128,197,197,128,128,128,128,128,128,207,207,191,191,255,255,159,159,207,207,191,191,255,255,159,159,207,204,191,191,255,255,159,159,202,128,128,128,128,128,128,128,128,128
char_v
		fcb 191,191,255,255,159,159,207,207,191,191,255,255,159,159,207,207,191,191,255,255,159,159,207,207,128,128,128,128,128,128,197,197,128,128,128,128,128,128,207,207,191,191,255,255,159,159,207,207,191,191,255,255,159,159,207,204,191,191,255,255,159,159,202,128,128,128,128,128,128,128,128,128
char_w
		fcb 191,191,255,255,159,159,197,128,191,191,255,255,159,159,207,204,191,191,255,255,159,159,207,207,181,181,245,245,149,148,207,207,186,186,250,250,154,152,207,207,191,191,255,255,159,159,207,207,191,191,255,255,159,159,207,204,191,191,255,255,159,159,202,128,128,128,128,128,128,128,128,128
char_x
		fcb 191,191,253,128,128,151,207,207,191,191,255,252,147,159,207,207,191,191,255,252,147,159,207,207,186,186,250,248,146,154,202,202,181,181,245,244,145,149,197,197,191,191,255,252,147,159,207,207,191,191,255,252,147,159,207,207,191,191,254,128,128,155,207,207,128,128,128,128,128,128,128,128
char_y
		fcb 191,191,253,244,128,159,207,207,191,191,255,255,128,159,207,207,191,191,255,255,156,159,207,207,128,128,255,255,156,159,207,207,128,128,250,250,152,159,207,207,191,191,255,255,159,159,207,207,191,191,255,255,159,159,207,204,191,191,255,255,159,159,202,128,128,128,128,128,128,128,128,128
char_z
		fcb 128,181,252,128,147,147,207,207,179,191,252,128,159,147,207,207,191,191,252,243,159,147,207,207,191,191,252,255,159,147,207,207,191,191,252,255,159,147,207,207,191,191,252,255,156,147,207,207,191,191,252,255,128,147,207,204,191,191,252,252,128,147,202,128,128,128,128,128,128,128,128,128
char_zero
		fcb 128,181,252,255,159,159,207,196,179,191,252,255,159,159,207,207,191,191,252,250,154,159,207,207,191,191,252,128,151,158,207,207,191,191,252,247,158,128,207,207,191,191,255,255,149,149,207,207,179,191,255,255,159,159,207,207,128,186,255,255,159,159,207,200,128,128,128,128,128,128,128,128
char_circumflex
		fcb 128,188,128,247,147,159,197,128,179,188,243,255,147,159,207,204,191,128,255,255,147,159,207,207,191,128,255,255,128,128,195,207,191,128,255,255,128,128,195,207,191,128,255,255,159,159,207,207,179,188,243,255,159,159,207,204,128,188,128,250,159,159,202,128,128,128,128,128,128,128,128,128
